207
105
159
141
266
284
170
115
157
168
163
274
275
211
7
1
146
175
239
315
190
129
140
172
166
239
317
231
133
143
140
210
271
348
156
125
138
153
186
265
322
241
116
151
165
179
277
314
243
164
161
185
210
269
324
281
135
141
155
182
296
349
247
140
154
200
155
281
354
240
144
137
191
165
241
366
218
138
134
180
182
243
315
249
155
151
185
209
286
282
203
134
132
154
178
268
334
230
147
140
149
178
212
303
219
124
170
142
177
227
7
3
116
143
155
151
237
284
241
104
139
121
175
230
280
197
125
121
142
143
218
260
203
114
154
183
172
274
386
271
138
137
180
186
246
297
291
191
156
163
166
255
316
229
138
151
152
186
239
297
247
133
169
162
190
251
295
214
132
148
186
172
274
277
221
119
149
163
184
226
252
238
143
180
174
140
231
254
200
138
146
145
161
245
262
241
142
149
171
200
270
286
250
179
163
192
171
263
327
5
0
2
181
187
238
306
217
153
140
167
162
266
324
221
172
158
166
161
251
330
223
118
155
178
191
228
335
244
142
161
178
177
264
276
286
187
129
162
157
284
276
199
133
172
164
178
265
316
205
148
141
166
187
262
309
227
136
164
164
168
247
312
189
137
133
158
177
272
314
220
142
168
192
233
290
413
225
169
171
204
244
305
367
278
156
177
205
248
319
397
276
182
217
240
369
716
833
580
393
9
0
13
700
851
615
350
393
427
403
662
793
509
328
404
615
425
625
742
427
267
352
350
387
615
670
444
270
390
358
389
571
732
413
261
314
353
383
579
676
420
310
310
360
424
626
592
432
392
260
360
385
551
566
900
507
