245
225
241
261
262
256
248
231
227
257
268
262
239
209
1
1
257
256
275
246
194
232
228
258
266
250
257
241
231
241
278
271
269
253
154
238
234
230
260
296
273
263
243
233
278
312
290
305
249
269
204
229
266
307
287
205
273
260
239
256
314
302
243
257
250
233
271
272
288
211
225
258
232
259
259
277
249
248
252
236
251
306
274
236
234
251
276
259
273
256
243
242
237
242
297
264
272
260
273
285
233
270
299
244
228
223
268
240
263
292
2
2
264
219
253
260
254
270
262
247
261
238
247
260
261
280
241
256
232
271
261
240
233
247
229
233
254
249
263
245
261
210
253
237
279
271
263
256
218
226
236
268
276
252
243
214
208
239
264
238
235
249
224
217
262
237
259
226
231
234
234
266
249
276
218
249
251
226
249
264
280
241
225
238
223
218
283
240
263
272
248
231
241
258
279
247
253
240
238
259
224
230
238
186
197
223
214
219
253
5
0
1
217
224
289
244
219
256
212
227
223
280
236
212
476
855
752
7494
6450
4136
2701
1420
1326
1200
1031
1185
1204
904
704
768
828
907
1927
1461
1179
857
663
696
656
953
895
594
512
549
537
597
687
689
525
416
396
448
493
556
529
408
403
348
410
425
548
519
407
374
424
403
426
467
466
342
361
330
393
357
451
416
321
340
332
369
353
427
382
330
306
288
287
340
399
387
289
336
313
324
328
392
410
318
304
2
0
2
362
360
321
298
295
309
291
425
389
287
259
284
340
261
328
320
311
268
248
289
283
356
311
270
267
314
280
296
304
344
244
220
250
229
281
313
317
243
259
256
279
256
312
303
240
275
193
282
273
373
316
665
384
