253
242
278
262
297
322
278
273
267
280
271
295
252
238
3
3
260
281
250
271
255
264
281
256
248
247
301
261
268
271
272
264
255
280
252
253
264
257
281
244
289
285
265
236
256
285
294
304
244
253
232
255
250
248
280
306
289
265
282
319
278
319
290
293
263
305
265
286
287
272
273
252
261
266
242
276
237
243
257
241
259
270
236
229
247
231
247
260
253
256
235
234
213
232
243
266
263
254
223
262
269
253
236
264
254
256
211
219
236
1075
44
17
564
505
506
525
613
672
550
383
345
340
392
416
482
440
317
312
338
321
369
392
380
341
294
320
326
399
384
398
285
292
282
303
344
355
363
309
309
270
374
313
386
356
284
301
273
317
352
378
314
268
289
307
317
361
344
330
289
265
268
297
300
351
300
302
272
278
274
350
332
274
310
297
306
263
324
338
288
297
287
266
292
281
318
282
270
305
299
312
285
312
291
283
281
285
300
323
316
5
0
4
259
286
321
328
312
269
248
282
265
314
309
313
284
253
276
314
299
290
289
253
254
276
250
225
320
286
235
230
234
199
262
268
291
246
209
222
258
267
309
247
231
212
267
243
288
285
250
240
215
224
230
245
250
237
239
250
246
249
277
262
246
228
243
245
247
291
277
248
224
227
242
219
233
257
236
225
200
190
235
314
272
244
222
188
213
229
247
254
249
221
232
229
230
232
259
255
228
2
0
4
246
248
244
220
207
252
221
227
269
225
215
217
229
214
233
248
227
206
202
210
245
223
264
228
207
236
190
242
236
241
223
206
199
251
216
286
267
230
228
224
214
231
235
274
218
240
187
233
259
269
251
525
272
