3.96
2.34
2.86
4.26
5.63
8.48
7.27
1.32
2.49
1.98
4.58
6.73
8.12
10.96
3.12
4.62
5.99
4.48
8.98
12.38
8.48
4.65
3.13
5.53
7.38
5.34
10.84
9.36
4.76
6.04
7.16
11.65
15.05
18.05
16.73
9.53
18.18
0
50.0
17.69
25.15
21.35
12.69
15.58
20.75
21.88
26.84
33.74
29.06
17.42
23.98
35.31
40.69
39.91
41.76
40.41
26.43
26.68
35.19
37.59
45.89
51.39
44.96
35.02
38.48
40.89
44.97
52.52
56.73
50.24
38.9
40.85
47.02
44.96
54.33
57.89
52.53
43.95
44.96
49.79
57.09
63.36
66.87
62.56
65.86
62.12
28.11
18.66
21.03
20.23
19.19
15.95
