12.54
7.05
10.05
8.87
12.84
12.66
11.0
7.46
9.56
9.67
8.93
13.09
13.29
12.06
26.92
9.09
8.68
9.38
11.51
13.18
11.14
7.87
8.76
10.14
8.85
11.2
13.0
12.51
7.88
8.99
8.53
11.24
12.36
14.13
8.83
7.14
8.62
9.09
9.8
12.42
14.12
13.65
7.11
9.17
9.49
9.49
12.5
13.38
12.4
9.83
9.44
10.36
10.86
12.39
12.78
14.35
7.97
8.46
9.03
9.72
13.44
14.06
12.89
8.11
9.09
11.08
8.34
13.3
14.17
12.68
8.66
8.41
11.08
9.25
12.35
14.82
12.19
8.37
8.31
10.4
9.1
11.44
13.47
13.32
9.3
9.18
10.62
10.47
12.29
12.58
12.7
8.04
7.75
9.04
9.18
12.17
13.53
12.48
8.73
8.52
8.97
9.98
10.13
12.39
12.01
7.73
10.32
8.67
9.78
11.56
20.0
15.0
7.31
8.65
9.61
8.53
11.42
12.96
13.19
6.56
9.01
7.68
9.51
11.52
12.68
10.97
8.15
7.69
8.7
8.22
10.65
12.27
11.65
7.31
9.07
11.39
8.99
12.5
16.15
13.93
8.69
8.64
10.63
9.8
11.18
13.4
14.72
10.56
9.95
10.14
8.91
11.94
13.42
12.93
8.08
8.87
8.94
9.58
11.47
12.98
13.02
7.9
10.2
9.92
9.6
11.65
13.73
12.02
7.88
8.99
11.33
9.27
13.03
12.59
12.28
7.45
9.49
9.55
9.38
11.39
11.63
13.05
8.68
9.81
10.75
7.93
11.38
12.88
12.14
8.77
9.15
9.16
9.05
11.98
11.71
13.7
8.79
8.97
10.3
10.98
12.62
12.73
13.84
10.64
10.25
11.55
10.04
12.82
14.87
20.0
0
9.09
10.65
9.97
11.09
12.82
11.76
9.43
8.05
10.01
9.46
12.23
13.77
11.97
10.57
9.82
9.89
8.99
12.02
15.03
11.81
7.48
9.59
10.05
10.4
11.29
14.97
13.12
9.26
9.7
9.86
9.87
12.44
12.75
13.92
10.87
8.3
9.47
8.75
12.74
12.38
12.13
9.12
10.51
9.02
10.1
12.65
13.84
12.41
9.1
8.03
9.47
10.18
11.82
13.27
13.31
8.94
9.59
9.45
9.1
11.12
14.72
12.4
8.84
7.97
9.56
9.82
12.74
13.6
13.1
8.62
9.85
10.51
11.74
12.66
16.63
12.63
9.8
9.98
11.35
12.48
12.83
15.17
16.07
9.2
10.09
11.14
11.93
13.35
16.29
14.98
10.14
11.17
11.6
14.89
19.5
20.45
20.09
16.5
21.95
0
26.0
19.13
20.83
20.49
14.28
15.29
16.08
14.96
18.55
19.98
18.36
14.3
15.81
17.37
18.55
17.52
19.81
17.72
12.38
14.87
14.19
14.59
18.04
18.76
18.28
12.34
16.37
15.16
15.5
17.19
20.48
17.94
12.51
14.09
14.44
15.3
18.26
19.59
16.83
15.04
13.62
14.66
15.69
18.85
18.17
17.45
18.28
16.07
14.96
14.34
17.44
17.5
18.63
16.37
