841
750
873
893
1140
1138
816
789
859
922
989
1117
1070
849
9
9
857
1014
1249
1419
776
829
886
902
1075
1276
1234
1051
865
913
957
1098
1181
1228
801
868
940
1036
1054
1143
1383
1019
955
912
993
995
1240
1292
1006
973
1006
853
1035
1221
1353
988
899
959
997
1055
1215
1356
1003
911
927
952
1071
1250
1228
936
917
910
948
1079
1157
1322
981
995
938
921
1064
1248
1383
1044
1029
940
1039
1175
1295
1202
842
917
1036
1006
1161
1235
1318
1046
970
1044
993
1108
1315
1306
1098
971
951
991
1057
1237
17
15
896
920
981
967
1249
1247
1037
946
946
934
1080
1236
1249
934
917
909
1013
1099
1270
1224
1003
940
942
960
1066
1250
1253
1099
887
917
992
1121
1191
1231
1094
983
895
965
1047
1256
1304
1009
970
987
958
1111
1210
1272
1112
990
969
908
1064
1261
1223
1063
919
991
1016
1037
1256
1295
964
970
928
960
1122
1230
1224
1110
1018
1063
1001
1072
1113
1216
988
930
885
889
1114
1293
1186
1068
884
965
916
1149
1232
1256
974
1013
1008
985
1035
1173
1212
14
0
15
960
1062
1255
1343
1027
958
940
944
1004
1249
1258
1040
1018
966
1059
1092
1186
1241
1062
939
936
937
1082
1163
1203
1039
888
936
1004
919
1207
1191
1063
1009
844
1006
920
1306
1127
853
875
927
934
1034
1190
1116
864
903
903
972
1024
1204
1165
861
891
903
931
1015
1146
1118
907
877
968
913
1025
1298
1153
896
853
910
1066
1076
1294
1213
928
901
944
1014
1064
1167
1228
922
952
912
1047
1109
1237
1129
918
919
1045
1071
1009
1295
1274
953
981
8
0
12
1166
1257
919
986
964
1009
1018
1291
1236
924
863
1006
1295
867
1261
1160
806
992
1027
967
1035
1267
1199
936
1038
1031
1116
1168
1299
1167
849
905
938
972
1019
1323
1176
909
921
972
986
1087
1251
1096
869
927
735
1002
1081
1259
1237
1881
1251
